NAH1234 BANTWAL 9934778900 2 5 7000 40000 80000 
JHR1610 MANGALORE 8733426789 1 3 3500 20000 40000 
57YT22 VITLA 8809654322 3 3 6000 35000 70000 
89UI00 BANTWAL 8965432134 2 2 4000 23000 45000 
45UY99 VITLA 7687786589 2 2 3000 17000 33000 
77WE01 ADYAR 8738273800 2 2 3000 17000 33000 
12WE4R PUTTUR 9982763722 3 3 5000 29000 57000 
78WR88 MAANI 7892342255 3 3 6000 35000 70000 
56YT77 SULLIYA 9800076533 2 3 4000 23000 45000 
22YW57 MAANI 7829273828 2 2 4000 22000 44000 
63TT98 MANGALORE 7628366422 3 4 7000 40000 80000 
45TY23 POLALI 7689901230 2 3 4000 23000 45000 